0 0
599 0
0 160
599 160
0 320
599 320
0 480
599 480
0 640
599 640
0 799
599 799
120 0
240 0
360 0
480 0
120 799
240 799
360 799
480 799
68 433
84 487
100 539
116 589
142 631
180 662
224 684
266 701
310 707
354 697
398 673
441 644
476 608
499 561
508 509
512 453
516 396
104 411
126 381
165 372
205 372
245 380
301 373
341 357
383 350
425 354
457 381
277 433
281 460
284 486
286 514
250 550
270 551
290 553
309 549
328 545
154 447
177 434
203 432
222 448
203 456
176 456
339 441
357 419
385 416
410 426
390 439
362 444
233 623
253 597
273 581
291 585
308 579
334 593
359 612
336 634
313 643
295 646
276 644
255 638
244 619
275 599
292 600
310 598
346 611
310 615
293 617
275 616
