0 0
599 0
0 160
599 160
0 320
599 320
0 480
599 480
0 640
599 640
0 799
599 799
120 0
240 0
360 0
480 0
120 799
240 799
360 799
480 799
118 366
109 416
99 466
95 517
104 568
130 612
167 649
211 683
260 700
311 701
358 681
402 655
434 621
454 578
468 532
479 488
488 445
180 335
212 318
250 321
284 339
314 361
362 373
396 366
430 366
460 379
473 410
331 402
327 432
323 460
319 491
266 505
287 515
308 525
330 524
350 522
214 382
237 378
258 384
273 401
252 397
231 391
374 423
396 415
416 419
432 433
414 434
393 429
215 560
251 556
282 554
299 564
317 563
341 578
363 595
331 615
304 621
284 619
265 612
238 592
227 564
277 569
295 576
314 579
352 594
309 594
291 592
273 585
