0 0
599 0
0 160
599 160
0 320
599 320
0 480
599 480
0 640
599 640
0 799
599 799
120 0
240 0
360 0
480 0
120 799
240 799
360 799
480 799
112 454
120 507
130 558
142 606
164 648
197 680
233 705
266 727
303 733
342 727
381 701
423 673
461 639
487 596
501 546
510 492
517 437
131 451
155 436
188 440
221 448
255 458
322 456
358 443
395 434
434 431
467 445
291 495
292 525
292 555
293 586
259 604
277 607
295 610
314 607
333 604
176 490
197 482
222 484
241 502
220 506
194 503
351 500
370 482
396 480
421 487
400 500
373 503
236 648
260 645
281 640
297 643
312 640
336 645
362 649
336 673
311 684
294 686
277 684
256 673
247 650
281 649
297 651
313 649
351 651
311 661
295 663
278 661
