0 0
239 0
0 64
239 64
0 128
239 128
0 192
239 192
0 256
239 256
0 319
239 319
48 0
96 0
144 0
192 0
48 319
96 319
144 319
192 319
45 180
48 202
52 223
56 243
64 260
76 274
90 285
104 294
119 296
136 293
152 283
169 270
183 256
194 239
199 219
203 197
206 175
53 180
62 174
75 175
88 178
101 182
129 182
143 177
158 173
174 172
186 178
116 198
117 209
117 221
117 233
104 242
111 242
118 244
125 242
133 241
70 196
79 193
88 193
96 200
87 202
77 201
140 200
148 192
158 191
168 194
160 200
149 201
93 260
102 258
112 255
118 257
125 255
134 257
144 259
134 270
124 275
117 276
110 276
100 271
96 260
112 259
118 260
125 259
140 260
124 266
117 267
110 266
