0 0
599 0
0 160
599 160
0 320
599 320
0 480
599 480
0 640
599 640
0 799
599 799
120 0
240 0
360 0
480 0
120 799
240 799
360 799
480 799
139 439
143 484
150 527
158 571
177 608
208 637
244 658
276 676
311 681
346 674
381 656
420 637
454 610
477 574
491 533
499 490
505 446
170 415
193 392
225 387
259 390
291 401
333 401
367 390
403 388
438 394
463 415
312 451
312 473
311 494
310 516
278 544
293 547
308 551
325 549
341 547
207 452
227 441
250 442
267 459
247 463
224 461
360 459
377 440
400 439
421 451
403 460
380 462
251 596
270 579
293 568
308 574
325 570
349 582
370 598
348 621
324 632
306 633
289 631
268 619
262 595
293 582
308 584
325 584
360 597
324 611
307 612
291 609
