0 0
239 0
0 64
239 64
0 128
239 128
0 192
239 192
0 256
239 256
0 319
239 319
48 0
96 0
144 0
192 0
48 319
96 319
144 319
192 319
55 174
57 192
60 210
63 228
71 243
83 254
98 263
111 270
125 273
139 270
152 262
168 254
182 244
191 230
196 213
199 195
201 177
67 165
76 157
89 156
103 158
115 162
133 162
147 157
162 156
176 158
187 166
124 181
124 189
124 197
124 206
111 218
117 219
123 220
129 219
136 219
82 181
90 176
99 177
106 184
98 185
89 185
143 184
150 176
159 176
168 180
161 184
151 185
100 238
108 231
117 227
123 229
130 228
140 232
148 239
139 248
130 252
123 253
116 252
107 248
104 238
117 233
123 234
130 234
144 239
130 244
123 244
116 243
