0 0
599 0
0 160
599 160
0 320
599 320
0 480
599 480
0 640
599 640
0 799
599 799
120 0
240 0
360 0
480 0
120 799
240 799
360 799
480 799
149 444
157 483
166 518
178 551
196 578
221 596
249 610
273 624
299 627
324 624
348 612
375 596
400 573
417 544
428 511
435 474
441 434
175 422
191 403
216 395
243 399
267 410
321 412
343 400
370 395
394 401
413 417
293 442
294 462
295 482
296 502
274 518
285 521
297 523
308 521
320 518
209 444
223 437
241 436
255 447
240 451
222 450
334 446
348 435
366 435
380 442
367 448
349 449
261 569
275 555
288 548
299 550
309 547
323 555
336 569
322 581
310 586
299 586
287 586
275 580
269 567
288 557
299 558
309 557
328 566
309 570
299 570
287 570
