0 0
239 0
0 64
239 64
0 128
239 128
0 192
239 192
0 256
239 256
0 319
239 319
48 0
96 0
144 0
192 0
48 319
96 319
144 319
192 319
59 177
62 193
67 207
72 220
79 231
89 238
100 244
109 249
119 250
129 248
139 243
149 237
159 228
166 217
170 204
174 189
176 173
70 168
76 161
86 158
97 159
107 163
128 164
138 159
148 157
157 160
164 167
117 177
117 185
118 192
118 200
110 207
114 208
119 209
123 208
128 207
84 177
89 174
96 174
101 179
96 180
89 180
133 179
139 173
146 173
152 177
146 179
139 180
104 228
109 222
115 218
119 219
123 218
129 221
134 227
129 232
124 234
119 235
114 234
109 232
107 227
115 223
119 223
123 223
131 226
123 227
119 228
114 228
