0 0
599 0
0 160
599 160
0 320
599 320
0 480
599 480
0 640
599 640
0 799
599 799
120 0
240 0
360 0
480 0
120 799
240 799
360 799
480 799
135 393
141 442
148 490
159 538
181 581
221 614
269 638
320 657
371 659
420 647
459 618
494 588
516 552
523 507
522 460
520 415
514 372
186 335
207 306
241 294
278 294
311 305
371 304
401 288
435 287
465 301
481 331
343 344
346 372
350 398
354 427
309 457
332 461
355 465
376 457
395 450
234 362
252 352
271 351
290 360
271 362
252 362
388 358
407 346
426 345
445 353
427 355
408 357
268 521
303 502
337 493
361 496
382 491
413 497
443 509
416 542
388 553
365 556
340 554
304 544
280 521
338 506
361 507
383 504
431 512
385 536
363 538
338 537
