0 0
599 0
0 160
599 160
0 320
599 320
0 480
599 480
0 640
599 640
0 799
599 799
120 0
240 0
360 0
480 0
120 799
240 799
360 799
480 799
86 323
86 370
88 417
90 464
99 510
117 553
147 585
183 609
228 619
281 614
338 598
392 576
434 541
461 496
475 444
482 390
490 334
105 260
122 238
151 234
182 240
211 252
280 257
317 245
356 240
394 249
422 275
242 297
238 325
233 353
228 383
202 420
216 424
232 426
252 425
270 422
140 302
159 292
182 293
200 310
179 313
156 312
309 312
330 298
354 298
376 310
355 318
330 317
176 505
194 485
215 472
230 477
245 474
273 488
304 510
274 523
247 528
230 528
213 525
194 517
188 501
215 490
231 492
246 491
291 506
246 505
231 505
214 503
