0 0
599 0
0 160
599 160
0 320
599 320
0 480
599 480
0 640
599 640
0 799
599 799
120 0
240 0
360 0
480 0
120 799
240 799
360 799
480 799
126 362
129 405
132 448
136 492
152 533
179 569
217 597
260 618
303 624
346 614
389 592
425 564
452 527
466 484
470 440
475 396
479 350
151 332
171 311
200 304
230 307
259 318
315 313
347 299
380 294
413 302
437 321
291 351
291 383
292 414
293 444
259 459
275 463
293 468
312 462
331 455
185 359
203 346
225 346
247 364
224 369
202 369
341 359
359 339
382 337
401 350
384 361
361 362
216 495
245 489
274 487
296 488
316 484
345 482
380 486
351 526
322 541
301 544
277 543
246 531
226 497
275 500
297 501
317 497
371 489
320 523
299 527
276 526
